mu0 <- 4*pi*10^-7
murel <- 1000
l1 <- .09
l2 <- .03
l3 <- .03
A1 <- .01*.01
A2 <- .01*.01
A3 <- .01*.005
mu1 <- mu0*murel
mu2 <- mu0*murel
mu3 <- mu0*murel
Rel1 <- l1/(mu1*A1)
Rel2 <- l2/(mu2*A2)
Rel3 <- l3/(mu3*A3)
Relright <- 2*Rel2+Rel3
RelR <- 1/((1/Relright)+(1/Rel2))
n1 <- 10
L <- n1^2/(Rel1+RelR)
n2 <- 20
L12 <- n1*n2*(1/((1/Relright)+(1/Rel2)))/(1/((1/Relright)+(1/Rel2))+Rel1)*1/Relright
L22 <- n2^2/(1/((1/Rel1)+(1/Rel2))+Relright)
L12check <- n1*n2*(1/((1/Rel1)+(1/Rel2)))/(1/((1/Rel1)+(1/Rel2))+Relright)*1/Rel1 
